    GLOBAL Temperature Anomalies (.01 degC) AIRS v6 vs. 2007-2016
Year   Jan  Feb  Mar  Apr  May  Jun  Jul  Aug  Sep  Oct  Nov  Dec    J-D D-N    DJF  MAM  JJA  SON  Year
2002  **** **** **** **** **** **** **** ****   -9  -20  -27  -24   **** ***   **** **** ****  -19  2002
2003     3   -7  -10  -14  -16  -20  -19  -15   -9    2  -58    2    -13 -16     -9  -13  -18  -22  2003
2004     6   11   -8  -17  -45  -23  -34  -33  -25  -24  -11  -14    -18 -17      6  -23  -30  -20  2004
2005     4  -10   -1   -1   -1    1   -3  -11   -7    2   -2    3     -2  -3     -7   -1   -4   -2  2005
2006    -2   22   -5  -16  -20    0  -15  -12  -18  -14  -10   -6     -8  -7      7  -14   -9  -14  2006
2007    15    4   -3    8   -7   -3   -3  -11  -23  -14  -14  -25     -6  -5      5   -1   -6  -17  2007
2008   -38  -34   -4  -18  -17  -25  -13  -23  -14  -14  -11   -6    -18 -20    -32  -13  -20  -13  2008
2009    -4    6  -10  -20   -8   -1    6   -2   -4   -9    0    6     -3  -4     -1  -12    1   -4  2009
2010     7   20   12    7    0   -3   -9   -5   -7   -8    5  -11      1   2     11    6   -6   -3  2010
2011   -13  -21  -16   -2  -10   -3   11    6  -11  -11  -27  -19    -10  -9    -15  -10    5  -16  2011
2012   -20  -17  -23   -2    6    0   -9   -3    1    7    1  -13     -6  -6    -18   -7   -4    3  2012
2013     5   -5   -2  -14   -8    2  -16   -7    4   -6    3    7     -3  -5     -4   -8   -7    0  2013
2014     5  -15  -10    6   13    0    1    8   12    9   -2   10      3   3     -1    3    3    6  2014
2015    10   18   10   -5    4    7    2    8   15   24   13   31     11  10     13    3    6   17  2015
2016    33   45   47   40   28   26   29   29   27   22   31   21     31  32     36   38   28   26  2016
2017    29   36   38   16   22   15   21   17   14   14    8   19     21  21     29   25   18   12  2017
2018    16   16   11   15    6   10    8    2    2   21   -1   15     10  10     17   10    7    7  2018
2019    23   30   41   31   25   37   38   25   33   40   30   41     33  31     23   32   33   34  2019
2020    32   31   28   33   29   33   32   29   24   16   30    8     27  30     35   30   31   24  2020
2021    17   13    8   10   12   18   23   13   10 **** **** ****   **** ***     12   10   18 ****  2021
Year   Jan  Feb  Mar  Apr  May  Jun  Jul  Aug  Sep  Oct  Nov  Dec    J-D D-N    DJF  MAM  JJA  SON  Year

    GLOBAL Temperature Anomalies (.01 degC) AIRS v7 vs. 2007-2016
Year   Jan  Feb  Mar  Apr  May  Jun  Jul  Aug  Sep  Oct  Nov  Dec    J-D D-N    DJF  MAM  JJA  SON  Year
2002  **** **** **** **** **** **** **** ****   13    2   -2   -8   **** ***   **** **** ****    4  2002
2003    13   -2   -1    3    9    2    2    3    7   19  -36   19      3   1      1    3    2   -3  2003
2004    13   15    3   -2  -31   -7  -25  -26  -10   -7    4   -5     -7  -5     16  -10  -20   -4  2004
2005    14    5   13   11   11   11    3   -5    2   10    5    8      7   6      4   12    3    6  2005
2006    -2   22    1  -12  -11    3  -11   -7  -12   -6   -4    1     -3  -3      9   -7   -5   -7  2006
2007    20    9    0   10    0   -1   -2  -10  -18  -10  -10  -21     -3  -1     10    3   -4  -13  2007
2008   -42  -34    2  -15  -17  -25   -9  -20  -15  -13   -8   -8    -17 -18    -33  -10  -18  -12  2008
2009    -1   -3  -40  -20   -7    0   10   -1   -3   -9    0    2     -6  -7     -4  -23    3   -4  2009
2010     6   13   15    8    0   -2  -13   -6   -8   -9    5  -11      0   1      7    8   -7   -4  2010
2011   -14  -16  -14   -4  -11   -3   12    5   -9  -12  -25  -18     -9  -8    -13  -10    5  -15  2011
2012   -24  -17  -18   -1    9    3  -10   -4   -1    7   -2  -17     -6  -6    -20   -3   -4    1  2012
2013     2  -12   -3  -14  -13    3  -18   -9    1   -7    0    5     -5  -7     -9  -10   -8   -2  2013
2014     4  -18   -5    9   13    4    3   12   12   10   -3   10      4   4     -3    5    6    7  2014
2015    11   22   15   -5    5    3    3    9   16   26   17   36     13  11     14    5    5   19  2015
2016    38   56   49   33   22   18   24   25   25   17   27   22     29  31     43   35   22   23  2016
2017    32   40   40   12   18    6   13    9   10    9    3   18     18  18     31   23   10    7  2017
2018    12   18   14   10    5    3    3   -4   -2   15   -6   11      7   7     16   10    1    3  2018
2019    18   25   43   23   16   24   27   21   23   32   24   35     26  24     18   27   24   26  2019
2020    32   39   30   33   28   27   25   23   25   19   33    5     27  29     36   31   25   26  2020
2021    10    7    9    8   10   12   20   13   16 **** **** ****   **** ***      7    9   15 ****  2021
Year   Jan  Feb  Mar  Apr  May  Jun  Jul  Aug  Sep  Oct  Nov  Dec    J-D D-N    DJF  MAM  JJA  SON  Year

    GLOBAL Temperature Anomalies (.01 degC) GHCNv4/ERSSTv5 vs. 2007-2016
Year   Jan  Feb  Mar  Apr  May  Jun  Jul  Aug  Sep  Oct  Nov  Dec    J-D D-N    DJF  MAM  JJA  SON  Year
2002     5   10    9  -15   -7  -14   -5  -18   -9  -20  -18  -24     -9  -8      1   -4  -12  -16  2002
2003     3  -10  -20  -18  -10  -19   -8   -6  -10   -1  -24    7    -10 -12    -10  -16  -11  -12  2003
2004   -14    4  -16  -12  -33  -23  -40  -25  -22  -14   -5  -17    -18 -16     -1  -21  -29  -14  2004
2005     2   -8   -5   -6   -8   -2   -5  -11   -1    0   -4    0     -4  -5     -8   -6   -6   -2  2005
2006   -16    4  -17  -25  -22   -1  -12   -1   -7   -6   -4   11     -8  -9     -4  -21   -5   -6  2006
2007    30    1   -7    3   -2   -5   -6  -12  -13  -17  -18  -18     -5  -3     14   -2   -8  -16  2007
2008   -42  -31   -5  -20  -22  -18   -6  -25  -11   -8   -9  -14    -17 -18    -30  -16  -16   -9  2008
2009    -7  -16  -26  -12   -6   -2    8   -3    0  -10    4    0     -6  -7    -12  -15    1   -2  2009
2010     3   15   13   11    4    1   -3   -5   -9   -5    4  -23      1   2      6   10   -2   -3  2010
2011   -21  -21  -14   -9  -18   -5    4    3  -16   -9  -19   -7    -11 -12    -22  -14    1  -15  2011
2012   -23  -19  -21   -1    7   -2   -8   -7   -1    3    1  -15     -7  -6    -17   -5   -6    1  2012
2013    -2   -6  -12  -20  -11    2   -6   -2    5   -6    6    2     -4  -6     -8  -14   -2    1  2013
2014     3  -14   -1    6   15    1   -8   11   15    5  -11   11      3   2     -3    7    1    3  2014
2015    13   22   16    2    9   15    7    9   12   34   28   48     18  15     15    9   10   25  2015
2016    45   69   57   38   24   13   19   30   18   13   13   18     30  32     54   40   21   15  2016
2017    30   45   37   21   20    5   16   16    4   15   10   26     20  20     31   26   12   10  2017
2018     9   16    9   15   11   11   17    5    8   26    5   24     13  13     17   12   11   13  2018
2019    21   27   38   28   13   25   28   23   20   26   23   42     26  25     24   26   25   23  2019
2020    45   56   38   40   31   26   25   16   27   14   34   14     30  33     47   36   22   25  2020
2021     9   -4   10    3    8   19   26   10   20 **** **** ****   **** ***      6    7   18 ****  2021
Year   Jan  Feb  Mar  Apr  May  Jun  Jul  Aug  Sep  Oct  Nov  Dec    J-D D-N    DJF  MAM  JJA  SON  Year

