1880 	  1 	  -0.0079
1880 	  2 	  -0.1310
1880 	  3 	  -0.1446
1880 	  4 	  -0.0610
1880 	  5 	  -0.0823
1880 	  6 	  -0.1776
1880 	  7 	  -0.1584
1880 	  8 	  -0.0854
1880 	  9 	  -0.0909
1880 	 10 	  -0.1876
1880 	 11 	  -0.2749
1880 	 12 	  -0.0866
1881 	  1 	  -0.0263
1881 	  2 	  -0.0361
1881 	  3 	   0.0273
1881 	  4 	   0.0695
1881 	  5 	   0.0238
1881 	  6 	  -0.0964
1881 	  7 	  -0.0432
1881 	  8 	  -0.0626
1881 	  9 	  -0.1868
1881 	 10 	  -0.2267
1881 	 11 	  -0.2277
1881 	 12 	  -0.0480
1882 	  1 	   0.0868
1882 	  2 	   0.0309
1882 	  3 	   0.0687
1882 	  4 	  -0.1277
1882 	  5 	  -0.1503
1882 	  6 	  -0.1434
1882 	  7 	  -0.0702
1882 	  8 	  -0.0085
1882 	  9 	   0.0054
1882 	 10 	  -0.2121
1882 	 11 	  -0.1322
1882 	 12 	  -0.1741
1883 	  1 	  -0.2743
1883 	  2 	  -0.2990
1883 	  3 	  -0.1366
1883 	  4 	  -0.1774
1883 	  5 	  -0.1470
1883 	  6 	  -0.0102
1883 	  7 	  -0.0879
1883 	  8 	  -0.0555
1883 	  9 	  -0.1511
1883 	 10 	  -0.1696
1883 	 11 	  -0.1767
1883 	 12 	  -0.0808
1884 	  1 	  -0.1929
1884 	  2 	  -0.1531
1884 	  3 	  -0.2129
1884 	  4 	  -0.1894
1884 	  5 	  -0.1345
1884 	  6 	  -0.2039
1884 	  7 	  -0.3094
1884 	  8 	  -0.2786
1884 	  9 	  -0.2342
1884 	 10 	  -0.1800
1884 	 11 	  -0.2768
1884 	 12 	  -0.1544
1885 	  1 	  -0.4348
1885 	  2 	  -0.2677
1885 	  3 	  -0.1556
1885 	  4 	  -0.2661
1885 	  5 	  -0.2915
1885 	  6 	  -0.3174
1885 	  7 	  -0.2491
1885 	  8 	  -0.2507
1885 	  9 	  -0.2062
1885 	 10 	  -0.1371
1885 	 11 	  -0.1359
1885 	 12 	   0.0423
1886 	  1 	  -0.1249
1886 	  2 	  -0.2918
1886 	  3 	  -0.2935
1886 	  4 	  -0.1804
1886 	  5 	  -0.1698
1886 	  6 	  -0.2574
1886 	  7 	  -0.1734
1886 	  8 	  -0.2242
1886 	  9 	  -0.2044
1886 	 10 	  -0.2389
1886 	 11 	  -0.2086
1886 	 12 	  -0.1729
1887 	  1 	  -0.3902
1887 	  2 	  -0.3836
1887 	  3 	  -0.1731
1887 	  4 	  -0.1999
1887 	  5 	  -0.2471
1887 	  6 	  -0.2236
1887 	  7 	  -0.2791
1887 	  8 	  -0.3249
1887 	  9 	  -0.1894
1887 	 10 	  -0.3090
1887 	 11 	  -0.1647
1887 	 12 	  -0.2046
1888 	  1 	  -0.3955
1888 	  2 	  -0.3382
1888 	  3 	  -0.3077
1888 	  4 	  -0.1845
1888 	  5 	  -0.1615
1888 	  6 	  -0.1026
1888 	  7 	  -0.1241
1888 	  8 	  -0.1677
1888 	  9 	  -0.0770
1888 	 10 	   0.0076
1888 	 11 	  -0.0511
1888 	 12 	   0.0329
1889 	  1 	  -0.1018
1889 	  2 	   0.0075
1889 	  3 	   0.1149
1889 	  4 	   0.0426
1889 	  5 	  -0.0367
1889 	  6 	  -0.0812
1889 	  7 	  -0.1697
1889 	  8 	  -0.1453
1889 	  9 	  -0.2309
1889 	 10 	  -0.1999
1889 	 11 	  -0.2839
1889 	 12 	  -0.1821
1890 	  1 	  -0.3631
1890 	  2 	  -0.4319
1890 	  3 	  -0.3195
1890 	  4 	  -0.2578
1890 	  5 	  -0.3890
1890 	  6 	  -0.2892
1890 	  7 	  -0.2817
1890 	  8 	  -0.3248
1890 	  9 	  -0.3532
1890 	 10 	  -0.2962
1890 	 11 	  -0.3432
1890 	 12 	  -0.2344
1891 	  1 	  -0.3862
1891 	  2 	  -0.5273
1891 	  3 	  -0.2154
1891 	  4 	  -0.2547
1891 	  5 	  -0.1398
1891 	  6 	  -0.2052
1891 	  7 	  -0.2318
1891 	  8 	  -0.2335
1891 	  9 	  -0.1541
1891 	 10 	  -0.2903
1891 	 11 	  -0.3966
1891 	 12 	  -0.0444
1892 	  1 	  -0.2390
1892 	  2 	  -0.1328
1892 	  3 	  -0.3104
1892 	  4 	  -0.3120
1892 	  5 	  -0.3034
1892 	  6 	  -0.2843
1892 	  7 	  -0.3483
1892 	  8 	  -0.3341
1892 	  9 	  -0.2256
1892 	 10 	  -0.2497
1892 	 11 	  -0.4727
1892 	 12 	  -0.4734
1893 	  1 	  -0.6780
1893 	  2 	  -0.6131
1893 	  3 	  -0.2255
1893 	  4 	  -0.3468
1893 	  5 	  -0.3384
1893 	  6 	  -0.2384
1893 	  7 	  -0.2010
1893 	  8 	  -0.3216
1893 	  9 	  -0.2585
1893 	 10 	  -0.2095
1893 	 11 	  -0.1619
1893 	 12 	  -0.2423
1894 	  1 	  -0.4292
1894 	  2 	  -0.2199
1894 	  3 	  -0.2050
1894 	  4 	  -0.3000
1894 	  5 	  -0.2974
1894 	  6 	  -0.3473
1894 	  7 	  -0.2706
1894 	  8 	  -0.2681
1894 	  9 	  -0.2525
1894 	 10 	  -0.2133
1894 	 11 	  -0.2932
1894 	 12 	  -0.2377
1895 	  1 	  -0.4350
1895 	  2 	  -0.4117
1895 	  3 	  -0.2812
1895 	  4 	  -0.1802
1895 	  5 	  -0.2059
1895 	  6 	  -0.2913
1895 	  7 	  -0.1984
1895 	  8 	  -0.2231
1895 	  9 	  -0.1284
1895 	 10 	  -0.1304
1895 	 11 	  -0.1572
1895 	 12 	  -0.0690
1896 	  1 	  -0.1042
1896 	  2 	  -0.0793
1896 	  3 	  -0.2073
1896 	  4 	  -0.2603
1896 	  5 	  -0.1000
1896 	  6 	  -0.0883
1896 	  7 	  -0.0480
1896 	  8 	  -0.0697
1896 	  9 	  -0.0663
1896 	 10 	  -0.0058
1896 	 11 	  -0.1634
1896 	 12 	   0.0508
1897 	  1 	  -0.1840
1897 	  2 	  -0.1125
1897 	  3 	  -0.1865
1897 	  4 	  -0.0056
1897 	  5 	  -0.0257
1897 	  6 	  -0.0994
1897 	  7 	  -0.0407
1897 	  8 	  -0.0731
1897 	  9 	  -0.0251
1897 	 10 	  -0.1593
1897 	 11 	  -0.2380
1897 	 12 	  -0.2973
1898 	  1 	  -0.0397
1898 	  2 	  -0.2817
1898 	  3 	  -0.6553
1898 	  4 	  -0.3500
1898 	  5 	  -0.2945
1898 	  6 	  -0.2077
1898 	  7 	  -0.2408
1898 	  8 	  -0.2261
1898 	  9 	  -0.1993
1898 	 10 	  -0.3242
1898 	 11 	  -0.2445
1898 	 12 	  -0.0134
1899 	  1 	  -0.0934
1899 	  2 	  -0.2873
1899 	  3 	  -0.2581
1899 	  4 	  -0.1956
1899 	  5 	  -0.1189
1899 	  6 	  -0.1977
1899 	  7 	  -0.1130
1899 	  8 	  -0.0613
1899 	  9 	  -0.0297
1899 	 10 	  -0.0269
1899 	 11 	   0.1303
1899 	 12 	  -0.1684
1900 	  1 	  -0.2393
1900 	  2 	  -0.0924
1900 	  3 	  -0.0474
1900 	  4 	  -0.0979
1900 	  5 	  -0.0389
1900 	  6 	  -0.0488
1900 	  7 	  -0.0763
1900 	  8 	  -0.0730
1900 	  9 	  -0.0650
1900 	 10 	   0.0451
1900 	 11 	  -0.1410
1900 	 12 	   0.0276
1901 	  1 	  -0.1327
1901 	  2 	  -0.0761
1901 	  3 	  -0.0372
1901 	  4 	  -0.0707
1901 	  5 	  -0.1309
1901 	  6 	  -0.1357
1901 	  7 	  -0.1603
1901 	  8 	  -0.1373
1901 	  9 	  -0.2126
1901 	 10 	  -0.2881
1901 	 11 	  -0.1456
1901 	 12 	  -0.2465
1902 	  1 	  -0.0921
1902 	  2 	  -0.0412
1902 	  3 	  -0.2080
1902 	  4 	  -0.2745
1902 	  5 	  -0.2656
1902 	  6 	  -0.3407
1902 	  7 	  -0.2969
1902 	  8 	  -0.2716
1902 	  9 	  -0.2406
1902 	 10 	  -0.2889
1902 	 11 	  -0.3483
1902 	 12 	  -0.3768
1903 	  1 	  -0.2206
1903 	  2 	  -0.0914
1903 	  3 	  -0.2878
1903 	  4 	  -0.3613
1903 	  5 	  -0.3979
1903 	  6 	  -0.3794
1903 	  7 	  -0.3380
1903 	  8 	  -0.4366
1903 	  9 	  -0.3780
1903 	 10 	  -0.4359
1903 	 11 	  -0.3973
1903 	 12 	  -0.3897
1904 	  1 	  -0.5468
1904 	  2 	  -0.4705
1904 	  3 	  -0.5193
1904 	  4 	  -0.4756
1904 	  5 	  -0.4330
1904 	  6 	  -0.4447
1904 	  7 	  -0.4585
1904 	  8 	  -0.4331
1904 	  9 	  -0.4676
1904 	 10 	  -0.4115
1904 	 11 	  -0.1731
1904 	 12 	  -0.2451
1905 	  1 	  -0.3569
1905 	  2 	  -0.6241
1905 	  3 	  -0.3982
1905 	  4 	  -0.4570
1905 	  5 	  -0.2919
1905 	  6 	  -0.2553
1905 	  7 	  -0.1958
1905 	  8 	  -0.2304
1905 	  9 	  -0.2286
1905 	 10 	  -0.3015
1905 	 11 	  -0.0933
1905 	 12 	  -0.1356
1906 	  1 	  -0.1758
1906 	  2 	  -0.2406
1906 	  3 	  -0.1491
1906 	  4 	  -0.0567
1906 	  5 	  -0.2185
1906 	  6 	  -0.1766
1906 	  7 	  -0.2510
1906 	  8 	  -0.2376
1906 	  9 	  -0.3066
1906 	 10 	  -0.2827
1906 	 11 	  -0.3704
1906 	 12 	  -0.1676
1907 	  1 	  -0.3499
1907 	  2 	  -0.4080
1907 	  3 	  -0.2852
1907 	  4 	  -0.3574
1907 	  5 	  -0.4749
1907 	  6 	  -0.3789
1907 	  7 	  -0.3586
1907 	  8 	  -0.3415
1907 	  9 	  -0.3453
1907 	 10 	  -0.3100
1907 	 11 	  -0.5119
1907 	 12 	  -0.3977
1908 	  1 	  -0.3659
1908 	  2 	  -0.3802
1908 	  3 	  -0.6107
1908 	  4 	  -0.4842
1908 	  5 	  -0.4043
1908 	  6 	  -0.4088
1908 	  7 	  -0.3925
1908 	  8 	  -0.4847
1908 	  9 	  -0.4017
1908 	 10 	  -0.5201
1908 	 11 	  -0.4872
1908 	 12 	  -0.3854
1909 	  1 	  -0.5554
1909 	  2 	  -0.4649
1909 	  3 	  -0.5470
1909 	  4 	  -0.5335
1909 	  5 	  -0.4594
1909 	  6 	  -0.4228
1909 	  7 	  -0.4409
1909 	  8 	  -0.3124
1909 	  9 	  -0.3684
1909 	 10 	  -0.3974
1909 	 11 	  -0.2814
1909 	 12 	  -0.4146
1910 	  1 	  -0.3117
1910 	  2 	  -0.3684
1910 	  3 	  -0.4314
1910 	  4 	  -0.3467
1910 	  5 	  -0.3120
1910 	  6 	  -0.3617
1910 	  7 	  -0.3336
1910 	  8 	  -0.3395
1910 	  9 	  -0.3391
1910 	 10 	  -0.4258
1910 	 11 	  -0.4999
1910 	 12 	  -0.5709
1911 	  1 	  -0.5157
1911 	  2 	  -0.5355
1911 	  3 	  -0.5776
1911 	  4 	  -0.5159
1911 	  5 	  -0.4801
1911 	  6 	  -0.4475
1911 	  7 	  -0.4696
1911 	  8 	  -0.4581
1911 	  9 	  -0.4008
1911 	 10 	  -0.3439
1911 	 11 	  -0.2582
1911 	 12 	  -0.2449
1912 	  1 	  -0.2811
1912 	  2 	  -0.1165
1912 	  3 	  -0.3165
1912 	  4 	  -0.2081
1912 	  5 	  -0.2314
1912 	  6 	  -0.2642
1912 	  7 	  -0.3192
1912 	  8 	  -0.4538
1912 	  9 	  -0.4905
1912 	 10 	  -0.5214
1912 	 11 	  -0.4176
1912 	 12 	  -0.3603
1913 	  1 	  -0.3562
1913 	  2 	  -0.3928
1913 	  3 	  -0.4135
1913 	  4 	  -0.3547
1913 	  5 	  -0.4009
1913 	  6 	  -0.3843
1913 	  7 	  -0.3580
1913 	  8 	  -0.3321
1913 	  9 	  -0.3587
1913 	 10 	  -0.3156
1913 	 11 	  -0.1391
1913 	 12 	  -0.0424
1914 	  1 	   0.0896
1914 	  2 	  -0.1228
1914 	  3 	  -0.1681
1914 	  4 	  -0.2543
1914 	  5 	  -0.1705
1914 	  6 	  -0.1995
1914 	  7 	  -0.2138
1914 	  8 	  -0.1814
1914 	  9 	  -0.1893
1914 	 10 	  -0.1018
1914 	 11 	  -0.1287
1914 	 12 	  -0.1084
1915 	  1 	  -0.1413
1915 	  2 	  -0.0201
1915 	  3 	  -0.1110
1915 	  4 	   0.0154
1915 	  5 	  -0.0748
1915 	  6 	  -0.0936
1915 	  7 	  -0.0337
1915 	  8 	  -0.0786
1915 	  9 	  -0.1166
1915 	 10 	  -0.1770
1915 	 11 	  -0.0165
1915 	 12 	  -0.0544
1916 	  1 	  -0.1825
1916 	  2 	  -0.1811
1916 	  3 	  -0.3008
1916 	  4 	  -0.2043
1916 	  5 	  -0.2290
1916 	  6 	  -0.3880
1916 	  7 	  -0.2921
1916 	  8 	  -0.2796
1916 	  9 	  -0.2646
1916 	 10 	  -0.2685
1916 	 11 	  -0.3985
1916 	 12 	  -0.5775
1917 	  1 	  -0.4295
1917 	  2 	  -0.4772
1917 	  3 	  -0.4302
1917 	  4 	  -0.3178
1917 	  5 	  -0.4537
1917 	  6 	  -0.3446
1917 	  7 	  -0.1744
1917 	  8 	  -0.1757
1917 	  9 	  -0.0636
1917 	 10 	  -0.2638
1917 	 11 	  -0.1348
1917 	 12 	  -0.5361
1918 	  1 	  -0.2135
1918 	  2 	  -0.2883
1918 	  3 	  -0.1803
1918 	  4 	  -0.2984
1918 	  5 	  -0.2764
1918 	  6 	  -0.1764
1918 	  7 	  -0.2007
1918 	  8 	  -0.1753
1918 	  9 	  -0.1485
1918 	 10 	  -0.0972
1918 	 11 	  -0.1169
1918 	 12 	  -0.3195
1919 	  1 	  -0.2404
1919 	  2 	  -0.0569
1919 	  3 	  -0.2371
1919 	  4 	  -0.0706
1919 	  5 	  -0.1838
1919 	  6 	  -0.2350
1919 	  7 	  -0.2138
1919 	  8 	  -0.2069
1919 	  9 	  -0.1799
1919 	 10 	  -0.2165
1919 	 11 	  -0.3161
1919 	 12 	  -0.2945
1920 	  1 	  -0.1135
1920 	  2 	  -0.2230
1920 	  3 	  -0.0583
1920 	  4 	  -0.2108
1920 	  5 	  -0.1682
1920 	  6 	  -0.2546
1920 	  7 	  -0.2434
1920 	  8 	  -0.2271
1920 	  9 	  -0.1771
1920 	 10 	  -0.2105
1920 	 11 	  -0.2521
1920 	 12 	  -0.3885
1921 	  1 	  -0.0575
1921 	  2 	  -0.1485
1921 	  3 	  -0.2190
1921 	  4 	  -0.2053
1921 	  5 	  -0.1916
1921 	  6 	  -0.1643
1921 	  7 	  -0.1141
1921 	  8 	  -0.1938
1921 	  9 	  -0.1472
1921 	 10 	  -0.0660
1921 	 11 	  -0.1865
1921 	 12 	  -0.0828
1922 	  1 	  -0.3203
1922 	  2 	  -0.2905
1922 	  3 	  -0.0790
1922 	  4 	  -0.1284
1922 	  5 	  -0.2632
1922 	  6 	  -0.2814
1922 	  7 	  -0.2618
1922 	  8 	  -0.2771
1922 	  9 	  -0.2517
1922 	 10 	  -0.2463
1922 	 11 	  -0.1900
1922 	 12 	  -0.1531
1923 	  1 	  -0.2130
1923 	  2 	  -0.3734
1923 	  3 	  -0.2670
1923 	  4 	  -0.3376
1923 	  5 	  -0.2477
1923 	  6 	  -0.1930
1923 	  7 	  -0.2783
1923 	  8 	  -0.2797
1923 	  9 	  -0.2439
1923 	 10 	  -0.1596
1923 	 11 	   0.0287
1923 	 12 	   0.0053
1924 	  1 	  -0.2489
1924 	  2 	  -0.1850
1924 	  3 	  -0.1147
1924 	  4 	  -0.2455
1924 	  5 	  -0.1902
1924 	  6 	  -0.2256
1924 	  7 	  -0.2196
1924 	  8 	  -0.2893
1924 	  9 	  -0.2834
1924 	 10 	  -0.2860
1924 	 11 	  -0.2949
1924 	 12 	  -0.4001
1925 	  1 	  -0.3196
1925 	  2 	  -0.2773
1925 	  3 	  -0.1687
1925 	  4 	  -0.1612
1925 	  5 	  -0.2205
1925 	  6 	  -0.2277
1925 	  7 	  -0.2057
1925 	  8 	  -0.1354
1925 	  9 	  -0.1011
1925 	 10 	  -0.1263
1925 	 11 	   0.0616
1925 	 12 	   0.1398
1926 	  1 	   0.1704
1926 	  2 	   0.0863
1926 	  3 	   0.0794
1926 	  4 	  -0.1281
1926 	  5 	  -0.1285
1926 	  6 	  -0.1198
1926 	  7 	  -0.1549
1926 	  8 	  -0.0838
1926 	  9 	  -0.0994
1926 	 10 	  -0.0785
1926 	 11 	  -0.0747
1926 	 12 	  -0.2051
1927 	  1 	  -0.1680
1927 	  2 	  -0.1857
1927 	  3 	  -0.2523
1927 	  4 	  -0.2160
1927 	  5 	  -0.2231
1927 	  6 	  -0.1962
1927 	  7 	  -0.0986
1927 	  8 	  -0.1099
1927 	  9 	  -0.0248
1927 	 10 	   0.0211
1927 	 11 	  -0.0356
1927 	 12 	  -0.3059
1928 	  1 	  -0.0729
1928 	  2 	  -0.1412
1928 	  3 	  -0.2622
1928 	  4 	  -0.2443
1928 	  5 	  -0.1812
1928 	  6 	  -0.2727
1928 	  7 	  -0.1755
1928 	  8 	  -0.1945
1928 	  9 	  -0.1829
1928 	 10 	  -0.1200
1928 	 11 	  -0.0667
1928 	 12 	  -0.1643
1929 	  1 	  -0.4783
1929 	  2 	  -0.5442
1929 	  3 	  -0.2652
1929 	  4 	  -0.2990
1929 	  5 	  -0.2888
1929 	  6 	  -0.2744
1929 	  7 	  -0.2722
1929 	  8 	  -0.2078
1929 	  9 	  -0.2088
1929 	 10 	  -0.1179
1929 	 11 	  -0.0976
1929 	 12 	  -0.5120
1930 	  1 	  -0.3411
1930 	  2 	  -0.2053
1930 	  3 	  -0.0475
1930 	  4 	  -0.1958
1930 	  5 	  -0.2005
1930 	  6 	  -0.0790
1930 	  7 	  -0.0641
1930 	  8 	  -0.0831
1930 	  9 	  -0.1031
1930 	 10 	   0.0003
1930 	 11 	   0.1376
1930 	 12 	   0.0074
1931 	  1 	  -0.0481
1931 	  2 	  -0.2242
1931 	  3 	  -0.0077
1931 	  4 	  -0.1617
1931 	  5 	  -0.1554
1931 	  6 	  -0.0221
1931 	  7 	  -0.0157
1931 	  8 	   0.0032
1931 	  9 	   0.0024
1931 	 10 	   0.0099
1931 	 11 	  -0.1175
1931 	 12 	  -0.1099
1932 	  1 	   0.1530
1932 	  2 	  -0.1800
1932 	  3 	  -0.1857
1932 	  4 	  -0.0366
1932 	  5 	  -0.1674
1932 	  6 	  -0.1571
1932 	  7 	  -0.1220
1932 	  8 	  -0.1770
1932 	  9 	  -0.0728
1932 	 10 	  -0.0951
1932 	 11 	  -0.1984
1932 	 12 	  -0.1921
1933 	  1 	  -0.3116
1933 	  2 	  -0.3180
1933 	  3 	  -0.2498
1933 	  4 	  -0.2074
1933 	  5 	  -0.2092
1933 	  6 	  -0.2013
1933 	  7 	  -0.1814
1933 	  8 	  -0.1886
1933 	  9 	  -0.2219
1933 	 10 	  -0.1878
1933 	 11 	  -0.2575
1933 	 12 	  -0.4123
1934 	  1 	  -0.3162
1934 	  2 	  -0.0261
1934 	  3 	  -0.2607
1934 	  4 	  -0.2353
1934 	  5 	  -0.0490
1934 	  6 	  -0.0100
1934 	  7 	  -0.0933
1934 	  8 	  -0.0569
1934 	  9 	  -0.1256
1934 	 10 	  -0.0717
1934 	 11 	   0.0039
1934 	 12 	  -0.0286
1935 	  1 	  -0.2952
1935 	  2 	   0.1619
1935 	  3 	  -0.1524
1935 	  4 	  -0.2597
1935 	  5 	  -0.2061
1935 	  6 	  -0.1748
1935 	  7 	  -0.1178
1935 	  8 	  -0.1030
1935 	  9 	  -0.0920
1935 	 10 	  -0.0144
1935 	 11 	  -0.2711
1935 	 12 	  -0.1783
1936 	  1 	  -0.2573
1936 	  2 	  -0.3156
1936 	  3 	  -0.2128
1936 	  4 	  -0.1813
1936 	  5 	  -0.1184
1936 	  6 	  -0.1084
1936 	  7 	  -0.0126
1936 	  8 	  -0.0554
1936 	  9 	  -0.0408
1936 	 10 	  -0.0250
1936 	 11 	  -0.0283
1936 	 12 	  -0.0213
1937 	  1 	  -0.1731
1937 	  2 	   0.0347
1937 	  3 	  -0.1871
1937 	  4 	  -0.1277
1937 	  5 	  -0.0240
1937 	  6 	   0.0073
1937 	  7 	  -0.0034
1937 	  8 	   0.0885
1937 	  9 	   0.1265
1937 	 10 	   0.1099
1937 	 11 	   0.0049
1937 	 12 	  -0.0926
1938 	  1 	  -0.0397
1938 	  2 	  -0.0545
1938 	  3 	   0.0307
1938 	  4 	   0.0422
1938 	  5 	  -0.0196
1938 	  6 	  -0.0927
1938 	  7 	  -0.0511
1938 	  8 	  -0.0173
1938 	  9 	   0.0301
1938 	 10 	   0.0748
1938 	 11 	   0.0056
1938 	 12 	  -0.2560
1939 	  1 	  -0.1646
1939 	  2 	  -0.1124
1939 	  3 	  -0.1879
1939 	  4 	  -0.1298
1939 	  5 	  -0.0357
1939 	  6 	  -0.0099
1939 	  7 	   0.0089
1939 	  8 	   0.0582
1939 	  9 	   0.0131
1939 	 10 	  -0.0415
1939 	 11 	   0.0467
1939 	 12 	   0.4058
1940 	  1 	  -0.1259
1940 	  2 	   0.0473
1940 	  3 	   0.0654
1940 	  4 	   0.1257
1940 	  5 	   0.0545
1940 	  6 	   0.1058
1940 	  7 	   0.1475
1940 	  8 	   0.0946
1940 	  9 	   0.1478
1940 	 10 	   0.1017
1940 	 11 	   0.0987
1940 	 12 	   0.2686
1941 	  1 	   0.1766
1941 	  2 	   0.2245
1941 	  3 	   0.1037
1941 	  4 	   0.2227
1941 	  5 	   0.2450
1941 	  6 	   0.1625
1941 	  7 	   0.2072
1941 	  8 	   0.1745
1941 	  9 	   0.0859
1941 	 10 	   0.3133
1941 	 11 	   0.2226
1941 	 12 	   0.2100
1942 	  1 	   0.2977
1942 	  2 	   0.0960
1942 	  3 	   0.1774
1942 	  4 	   0.1902
1942 	  5 	   0.1659
1942 	  6 	   0.2111
1942 	  7 	   0.0802
1942 	  8 	   0.0449
1942 	  9 	   0.1168
1942 	 10 	   0.1476
1942 	 11 	   0.1679
1942 	 12 	   0.1496
1943 	  1 	  -0.0271
1943 	  2 	   0.1659
1943 	  3 	   0.0771
1943 	  4 	   0.1723
1943 	  5 	   0.1336
1943 	  6 	   0.0246
1943 	  7 	   0.1871
1943 	  8 	   0.0989
1943 	  9 	   0.1445
1943 	 10 	   0.3124
1943 	 11 	   0.2491
1943 	 12 	   0.3585
1944 	  1 	   0.4249
1944 	  2 	   0.3024
1944 	  3 	   0.3673
1944 	  4 	   0.2679
1944 	  5 	   0.2648
1944 	  6 	   0.3385
1944 	  7 	   0.3152
1944 	  8 	   0.2766
1944 	  9 	   0.3869
1944 	 10 	   0.3186
1944 	 11 	   0.1492
1944 	 12 	   0.0988
1945 	  1 	   0.1550
1945 	  2 	   0.0180
1945 	  3 	   0.1123
1945 	  4 	   0.2805
1945 	  5 	   0.1747
1945 	  6 	   0.1450
1945 	  7 	   0.1712
1945 	  8 	   0.3571
1945 	  9 	   0.2626
1945 	 10 	   0.2634
1945 	 11 	   0.1984
1945 	 12 	  -0.0477
1946 	  1 	   0.2238
1946 	  2 	   0.0902
1946 	  3 	   0.0024
1946 	  4 	   0.1773
1946 	  5 	  -0.0285
1946 	  6 	  -0.1016
1946 	  7 	  -0.0334
1946 	  8 	  -0.0673
1946 	  9 	  -0.0172
1946 	 10 	  -0.0100
1946 	 11 	  -0.0134
1946 	 12 	  -0.2651
1947 	  1 	  -0.1832
1947 	  2 	  -0.0776
1947 	  3 	  -0.0100
1947 	  4 	   0.0162
1947 	  5 	  -0.0208
1947 	  6 	   0.0185
1947 	  7 	  -0.0135
1947 	  8 	  -0.0621
1947 	  9 	  -0.1312
1947 	 10 	   0.0549
1947 	 11 	  -0.0242
1947 	 12 	  -0.1458
1948 	  1 	   0.0508
1948 	  2 	  -0.0935
1948 	  3 	  -0.1878
1948 	  4 	  -0.0643
1948 	  5 	   0.1458
1948 	  6 	  -0.0120
1948 	  7 	  -0.0588
1948 	  8 	  -0.0234
1948 	  9 	  -0.1023
1948 	 10 	  -0.0633
1948 	 11 	  -0.0582
1948 	 12 	  -0.1106
1949 	  1 	   0.1228
1949 	  2 	  -0.1454
1949 	  3 	  -0.0710
1949 	  4 	   0.0085
1949 	  5 	  -0.0042
1949 	  6 	  -0.1470
1949 	  7 	  -0.0738
1949 	  8 	  -0.0200
1949 	  9 	  -0.0699
1949 	 10 	  -0.0310
1949 	 11 	  -0.0522
1949 	 12 	  -0.1806
1950 	  1 	  -0.2764
1950 	  2 	  -0.2381
1950 	  3 	  -0.0844
1950 	  4 	  -0.1683
1950 	  5 	  -0.0514
1950 	  6 	  -0.0551
1950 	  7 	  -0.1002
1950 	  8 	  -0.1347
1950 	  9 	  -0.1024
1950 	 10 	  -0.1651
1950 	 11 	  -0.3609
1950 	 12 	  -0.1793
1951 	  1 	  -0.2893
1951 	  2 	  -0.4088
1951 	  3 	  -0.1669
1951 	  4 	  -0.0856
1951 	  5 	   0.0588
1951 	  6 	   0.0385
1951 	  7 	   0.1101
1951 	  8 	   0.1163
1951 	  9 	   0.1337
1951 	 10 	   0.1089
1951 	 11 	   0.0269
1951 	 12 	   0.2159
1952 	  1 	   0.1541
1952 	  2 	   0.0937
1952 	  3 	  -0.0448
1952 	  4 	   0.0697
1952 	  5 	   0.0368
1952 	  6 	   0.0413
1952 	  7 	   0.0753
1952 	  8 	   0.0691
1952 	  9 	   0.0702
1952 	 10 	  -0.0350
1952 	 11 	  -0.1953
1952 	 12 	  -0.0063
1953 	  1 	   0.1036
1953 	  2 	   0.1568
1953 	  3 	   0.1579
1953 	  4 	   0.1892
1953 	  5 	   0.1471
1953 	  6 	   0.1275
1953 	  7 	   0.0698
1953 	  8 	   0.0830
1953 	  9 	   0.0659
1953 	 10 	   0.0747
1953 	 11 	  -0.0593
1953 	 12 	   0.0578
1954 	  1 	  -0.2348
1954 	  2 	  -0.0843
1954 	  3 	  -0.0884
1954 	  4 	  -0.1741
1954 	  5 	  -0.1984
1954 	  6 	  -0.1132
1954 	  7 	  -0.1202
1954 	  8 	  -0.0864
1954 	  9 	  -0.0552
1954 	 10 	  -0.0676
1954 	 11 	   0.0413
1954 	 12 	  -0.1823
1955 	  1 	   0.0917
1955 	  2 	  -0.1275
1955 	  3 	  -0.3061
1955 	  4 	  -0.2373
1955 	  5 	  -0.1255
1955 	  6 	  -0.0682
1955 	  7 	  -0.0868
1955 	  8 	  -0.0246
1955 	  9 	  -0.0912
1955 	 10 	  -0.1228
1955 	 11 	  -0.2360
1955 	 12 	  -0.2676
1956 	  1 	  -0.1739
1956 	  2 	  -0.2690
1956 	  3 	  -0.1951
1956 	  4 	  -0.2825
1956 	  5 	  -0.2244
1956 	  6 	  -0.1411
1956 	  7 	  -0.1330
1956 	  8 	  -0.1845
1956 	  9 	  -0.2498
1956 	 10 	  -0.1966
1956 	 11 	  -0.1516
1956 	 12 	  -0.1494
1957 	  1 	  -0.1150
1957 	  2 	  -0.1085
1957 	  3 	  -0.0636
1957 	  4 	  -0.0152
1957 	  5 	   0.1111
1957 	  6 	   0.1610
1957 	  7 	   0.0618
1957 	  8 	   0.1327
1957 	  9 	   0.0763
1957 	 10 	   0.0171
1957 	 11 	   0.1324
1957 	 12 	   0.2336
1958 	  1 	   0.3014
1958 	  2 	   0.2135
1958 	  3 	   0.1224
1958 	  4 	   0.1175
1958 	  5 	   0.1069
1958 	  6 	   0.0669
1958 	  7 	   0.0685
1958 	  8 	   0.0561
1958 	  9 	   0.0225
1958 	 10 	   0.0425
1958 	 11 	   0.0930
1958 	 12 	   0.1477
1959 	  1 	   0.1289
1959 	  2 	   0.0722
1959 	  3 	   0.2093
1959 	  4 	   0.1210
1959 	  5 	   0.0315
1959 	  6 	   0.0888
1959 	  7 	   0.0706
1959 	  8 	   0.0553
1959 	  9 	   0.1008
1959 	 10 	  -0.0098
1959 	 11 	  -0.0750
1959 	 12 	  -0.0305
1960 	  1 	   0.0073
1960 	  2 	   0.1895
1960 	  3 	  -0.1999
1960 	  4 	  -0.0916
1960 	  5 	  -0.0806
1960 	  6 	   0.0806
1960 	  7 	   0.0356
1960 	  8 	   0.0486
1960 	  9 	   0.0669
1960 	 10 	   0.0412
1960 	 11 	  -0.0458
1960 	 12 	   0.2311
1961 	  1 	   0.1231
1961 	  2 	   0.1817
1961 	  3 	   0.1675
1961 	  4 	   0.1367
1961 	  5 	   0.1647
1961 	  6 	   0.1517
1961 	  7 	   0.0386
1961 	  8 	   0.0352
1961 	  9 	  -0.0034
1961 	 10 	  -0.0322
1961 	 11 	   0.0181
1961 	 12 	  -0.0149
1962 	  1 	   0.1368
1962 	  2 	   0.1728
1962 	  3 	   0.1226
1962 	  4 	   0.0795
1962 	  5 	   0.0614
1962 	  6 	   0.0606
1962 	  7 	   0.0933
1962 	  8 	   0.0592
1962 	  9 	   0.0651
1962 	 10 	   0.0813
1962 	 11 	   0.0792
1962 	 12 	   0.0910
1963 	  1 	   0.0407
1963 	  2 	   0.2598
1963 	  3 	  -0.0203
1963 	  4 	  -0.0013
1963 	  5 	   0.0144
1963 	  6 	   0.0492
1963 	  7 	   0.1390
1963 	  8 	   0.1592
1963 	  9 	   0.1657
1963 	 10 	   0.2152
1963 	 11 	   0.1959
1963 	 12 	   0.0841
1964 	  1 	   0.0517
1964 	  2 	  -0.1021
1964 	  3 	  -0.1400
1964 	  4 	  -0.1818
1964 	  5 	  -0.0960
1964 	  6 	  -0.0908
1964 	  7 	  -0.1106
1964 	  8 	  -0.1662
1964 	  9 	  -0.2070
1964 	 10 	  -0.2639
1964 	 11 	  -0.2008
1964 	 12 	  -0.2627
1965 	  1 	  -0.0678
1965 	  2 	  -0.1942
1965 	  3 	  -0.0987
1965 	  4 	  -0.1852
1965 	  5 	  -0.0754
1965 	  6 	  -0.0428
1965 	  7 	  -0.0838
1965 	  8 	  -0.0458
1965 	  9 	  -0.0498
1965 	 10 	   0.0240
1965 	 11 	  -0.0889
1965 	 12 	  -0.0107
1966 	  1 	  -0.0435
1966 	  2 	  -0.0359
1966 	  3 	  -0.0005
1966 	  4 	  -0.0890
1966 	  5 	  -0.0339
1966 	  6 	   0.0582
1966 	  7 	   0.0671
1966 	  8 	   0.0204
1966 	  9 	   0.0265
1966 	 10 	  -0.0581
1966 	 11 	  -0.0432
1966 	 12 	  -0.1218
1967 	  1 	  -0.1044
1967 	  2 	  -0.1637
1967 	  3 	   0.0054
1967 	  4 	   0.0085
1967 	  5 	   0.1270
1967 	  6 	  -0.0285
1967 	  7 	  -0.0174
1967 	  8 	  -0.0037
1967 	  9 	  -0.0303
1967 	 10 	   0.1305
1967 	 11 	  -0.0200
1967 	 12 	  -0.0398
1968 	  1 	  -0.1853
1968 	  2 	  -0.1248
1968 	  3 	   0.1524
1968 	  4 	  -0.0684
1968 	  5 	  -0.0787
1968 	  6 	  -0.0157
1968 	  7 	  -0.0204
1968 	  8 	  -0.0157
1968 	  9 	  -0.0113
1968 	 10 	   0.0480
1968 	 11 	   0.0175
1968 	 12 	  -0.0406
1969 	  1 	  -0.1284
1969 	  2 	  -0.1029
1969 	  3 	   0.1217
1969 	  4 	   0.1950
1969 	  5 	   0.1757
1969 	  6 	   0.0759
1969 	  7 	   0.0924
1969 	  8 	   0.0980
1969 	  9 	   0.0860
1969 	 10 	   0.0719
1969 	 11 	   0.1941
1969 	 12 	   0.2495
1970 	  1 	   0.1238
1970 	  2 	   0.2389
1970 	  3 	   0.0364
1970 	  4 	   0.1339
1970 	  5 	   0.0434
1970 	  6 	   0.0291
1970 	  7 	  -0.0213
1970 	  8 	  -0.0195
1970 	  9 	   0.0088
1970 	 10 	  -0.0353
1970 	 11 	   0.0239
1970 	 12 	  -0.0937
1971 	  1 	  -0.0019
1971 	  2 	  -0.2123
1971 	  3 	  -0.1370
1971 	  4 	  -0.1273
1971 	  5 	  -0.0883
1971 	  6 	  -0.1245
1971 	  7 	  -0.0618
1971 	  8 	  -0.0681
1971 	  9 	  -0.0404
1971 	 10 	  -0.0745
1971 	 11 	   0.0397
1971 	 12 	  -0.0188
1972 	  1 	  -0.2391
1972 	  2 	  -0.1605
1972 	  3 	   0.0074
1972 	  4 	   0.0402
1972 	  5 	   0.0182
1972 	  6 	   0.0793
1972 	  7 	   0.0684
1972 	  8 	   0.0924
1972 	  9 	   0.0234
1972 	 10 	   0.0924
1972 	 11 	   0.0798
1972 	 12 	   0.2554
1973 	  1 	   0.2614
1973 	  2 	   0.3773
1973 	  3 	   0.3325
1973 	  4 	   0.2537
1973 	  5 	   0.2186
1973 	  6 	   0.1984
1973 	  7 	   0.1174
1973 	  8 	   0.0803
1973 	  9 	   0.0556
1973 	 10 	   0.0456
1973 	 11 	   0.0236
1973 	 12 	   0.0274
1974 	  1 	  -0.1933
1974 	  2 	  -0.2530
1974 	  3 	  -0.0484
1974 	  4 	  -0.0395
1974 	  5 	  -0.0223
1974 	  6 	  -0.0369
1974 	  7 	   0.0197
1974 	  8 	   0.0138
1974 	  9 	  -0.0415
1974 	 10 	  -0.0797
1974 	 11 	  -0.0659
1974 	 12 	  -0.0956
1975 	  1 	   0.1216
1975 	  2 	   0.0347
1975 	  3 	   0.1116
1975 	  4 	   0.0803
1975 	  5 	   0.0712
1975 	  6 	   0.0362
1975 	  7 	   0.0053
1975 	  8 	  -0.0663
1975 	  9 	   0.0185
1975 	 10 	  -0.1218
1975 	 11 	  -0.1424
1975 	 12 	  -0.0886
1976 	  1 	  -0.0159
1976 	  2 	  -0.1188
1976 	  3 	  -0.2338
1976 	  4 	  -0.0198
1976 	  5 	  -0.1195
1976 	  6 	  -0.0730
1976 	  7 	  -0.0847
1976 	  8 	  -0.0879
1976 	  9 	  -0.0428
1976 	 10 	  -0.1813
1976 	 11 	  -0.0397
1976 	 12 	   0.0926
1977 	  1 	   0.0654
1977 	  2 	   0.2396
1977 	  3 	   0.3103
1977 	  4 	   0.2840
1977 	  5 	   0.2388
1977 	  6 	   0.2472
1977 	  7 	   0.1728
1977 	  8 	   0.1426
1977 	  9 	   0.1878
1977 	 10 	   0.1189
1977 	 11 	   0.2611
1977 	 12 	   0.1130
1978 	  1 	   0.1624
1978 	  2 	   0.1312
1978 	  3 	   0.2254
1978 	  4 	   0.1349
1978 	  5 	   0.0612
1978 	  6 	   0.0521
1978 	  7 	   0.0701
1978 	  8 	   0.0033
1978 	  9 	   0.0744
1978 	 10 	   0.0642
1978 	 11 	   0.2262
1978 	 12 	   0.1528
1979 	  1 	   0.1623
1979 	  2 	   0.0928
1979 	  3 	   0.2459
1979 	  4 	   0.1133
1979 	  5 	   0.1577
1979 	  6 	   0.2177
1979 	  7 	   0.1751
1979 	  8 	   0.2266
1979 	  9 	   0.2524
1979 	 10 	   0.2944
1979 	 11 	   0.2967
1979 	 12 	   0.5047
1980 	  1 	   0.3112
1980 	  2 	   0.3531
1980 	  3 	   0.2418
1980 	  4 	   0.3095
1980 	  5 	   0.3191
1980 	  6 	   0.2473
1980 	  7 	   0.2197
1980 	  8 	   0.1969
1980 	  9 	   0.2032
1980 	 10 	   0.1838
1980 	 11 	   0.3328
1980 	 12 	   0.2708
1981 	  1 	   0.4702
1981 	  2 	   0.3654
1981 	  3 	   0.4118
1981 	  4 	   0.3575
1981 	  5 	   0.2626
1981 	  6 	   0.2845
1981 	  7 	   0.2271
1981 	  8 	   0.2436
1981 	  9 	   0.1896
1981 	 10 	   0.1712
1981 	 11 	   0.2182
1981 	 12 	   0.4241
1982 	  1 	   0.1375
1982 	  2 	   0.1597
1982 	  3 	   0.0857
1982 	  4 	   0.2073
1982 	  5 	   0.1929
1982 	  6 	   0.1250
1982 	  7 	   0.1449
1982 	  8 	   0.1414
1982 	  9 	   0.2366
1982 	 10 	   0.1789
1982 	 11 	   0.1503
1982 	 12 	   0.4374
1983 	  1 	   0.5185
1983 	  2 	   0.4847
1983 	  3 	   0.4277
1983 	  4 	   0.2957
1983 	  5 	   0.2918
1983 	  6 	   0.2660
1983 	  7 	   0.2663
1983 	  8 	   0.3244
1983 	  9 	   0.3184
1983 	 10 	   0.2136
1983 	 11 	   0.4342
1983 	 12 	   0.2765
1984 	  1 	   0.2849
1984 	  2 	   0.1776
1984 	  3 	   0.2741
1984 	  4 	   0.1518
1984 	  5 	   0.2852
1984 	  6 	   0.1308
1984 	  7 	   0.1205
1984 	  8 	   0.1693
1984 	  9 	   0.1437
1984 	 10 	   0.1199
1984 	 11 	   0.0392
1984 	 12 	  -0.0908
1985 	  1 	   0.1807
1985 	  2 	   0.0193
1985 	  3 	   0.1893
1985 	  4 	   0.1505
1985 	  5 	   0.1974
1985 	  6 	   0.1290
1985 	  7 	   0.0776
1985 	  8 	   0.1290
1985 	  9 	   0.1020
1985 	 10 	   0.1306
1985 	 11 	   0.1193
1985 	 12 	   0.2000
1986 	  1 	   0.3257
1986 	  2 	   0.2814
1986 	  3 	   0.2971
1986 	  4 	   0.2622
1986 	  5 	   0.2513
1986 	  6 	   0.2527
1986 	  7 	   0.1677
1986 	  8 	   0.1686
1986 	  9 	   0.1716
1986 	 10 	   0.2057
1986 	 11 	   0.1560
1986 	 12 	   0.2186
1987 	  1 	   0.3128
1987 	  2 	   0.5039
1987 	  3 	   0.2560
1987 	  4 	   0.3028
1987 	  5 	   0.3329
1987 	  6 	   0.2994
1987 	  7 	   0.4170
1987 	  8 	   0.3825
1987 	  9 	   0.4325
1987 	 10 	   0.3347
1987 	 11 	   0.3315
1987 	 12 	   0.5315
1988 	  1 	   0.5499
1988 	  2 	   0.3898
1988 	  3 	   0.4842
1988 	  4 	   0.4437
1988 	  5 	   0.3820
1988 	  6 	   0.3865
1988 	  7 	   0.3423
1988 	  8 	   0.3192
1988 	  9 	   0.3201
1988 	 10 	   0.2994
1988 	 11 	   0.2278
1988 	 12 	   0.3618
1989 	  1 	   0.2156
1989 	  2 	   0.3059
1989 	  3 	   0.3356
1989 	  4 	   0.2901
1989 	  5 	   0.2787
1989 	  6 	   0.2749
1989 	  7 	   0.3025
1989 	  8 	   0.3024
1989 	  9 	   0.3022
1989 	 10 	   0.3041
1989 	 11 	   0.2536
1989 	 12 	   0.3993
1990 	  1 	   0.3633
1990 	  2 	   0.4058
1990 	  3 	   0.7334
1990 	  4 	   0.4919
1990 	  5 	   0.4279
1990 	  6 	   0.4106
1990 	  7 	   0.3445
1990 	  8 	   0.3466
1990 	  9 	   0.3135
1990 	 10 	   0.4266
1990 	 11 	   0.4786
1990 	 12 	   0.4472
1991 	  1 	   0.4527
1991 	  2 	   0.4695
1991 	  3 	   0.3690
1991 	  4 	   0.5187
1991 	  5 	   0.4130
1991 	  6 	   0.4809
1991 	  7 	   0.4445
1991 	  8 	   0.3862
1991 	  9 	   0.3852
1991 	 10 	   0.3304
1991 	 11 	   0.3188
1991 	 12 	   0.3052
1992 	  1 	   0.4713
1992 	  2 	   0.4500
1992 	  3 	   0.4361
1992 	  4 	   0.2932
1992 	  5 	   0.3274
1992 	  6 	   0.2801
1992 	  7 	   0.1351
1992 	  8 	   0.1388
1992 	  9 	   0.0623
1992 	 10 	   0.1147
1992 	 11 	   0.0923
1992 	 12 	   0.2839
1993 	  1 	   0.3858
1993 	  2 	   0.3976
1993 	  3 	   0.4230
1993 	  4 	   0.3163
1993 	  5 	   0.3446
1993 	  6 	   0.2917
1993 	  7 	   0.2329
1993 	  8 	   0.2109
1993 	  9 	   0.1694
1993 	 10 	   0.2429
1993 	 11 	   0.0930
1993 	 12 	   0.3176
1994 	  1 	   0.2922
1994 	  2 	   0.0808
1994 	  3 	   0.3563
1994 	  4 	   0.3607
1994 	  5 	   0.3823
1994 	  6 	   0.3828
1994 	  7 	   0.3124
1994 	  8 	   0.3083
1994 	  9 	   0.3300
1994 	 10 	   0.4276
1994 	 11 	   0.4522
1994 	 12 	   0.4029
1995 	  1 	   0.5507
1995 	  2 	   0.6912
1995 	  3 	   0.4653
1995 	  4 	   0.4104
1995 	  5 	   0.3564
1995 	  6 	   0.4652
1995 	  7 	   0.4277
1995 	  8 	   0.5024
1995 	  9 	   0.3856
1995 	 10 	   0.4373
1995 	 11 	   0.4542
1995 	 12 	   0.3459
1996 	  1 	   0.2638
1996 	  2 	   0.4558
1996 	  3 	   0.3249
1996 	  4 	   0.2733
1996 	  5 	   0.3880
1996 	  6 	   0.3524
1996 	  7 	   0.3223
1996 	  8 	   0.3170
1996 	  9 	   0.2652
1996 	 10 	   0.2266
1996 	 11 	   0.2815
1996 	 12 	   0.3873
1997 	  1 	   0.3755
1997 	  2 	   0.4292
1997 	  3 	   0.4630
1997 	  4 	   0.4550
1997 	  5 	   0.4210
1997 	  6 	   0.5310
1997 	  7 	   0.5074
1997 	  8 	   0.5436
1997 	  9 	   0.6210
1997 	 10 	   0.6443
1997 	 11 	   0.5866
1997 	 12 	   0.6267
1998 	  1 	   0.6041
1998 	  2 	   0.8643
1998 	  3 	   0.6384
1998 	  4 	   0.7328
1998 	  5 	   0.6653
1998 	  6 	   0.6627
1998 	  7 	   0.7323
1998 	  8 	   0.6790
1998 	  9 	   0.5222
1998 	 10 	   0.4948
1998 	 11 	   0.4087
1998 	 12 	   0.5806
1999 	  1 	   0.5003
1999 	  2 	   0.6716
1999 	  3 	   0.3710
1999 	  4 	   0.4557
1999 	  5 	   0.4087
1999 	  6 	   0.4191
1999 	  7 	   0.4008
1999 	  8 	   0.3678
1999 	  9 	   0.3975
1999 	 10 	   0.3745
1999 	 11 	   0.3687
1999 	 12 	   0.5777
2000 	  1 	   0.3444
2000 	  2 	   0.5438
2000 	  3 	   0.5558
2000 	  4 	   0.6294
2000 	  5 	   0.4681
2000 	  6 	   0.4073
2000 	  7 	   0.3929
2000 	  8 	   0.4555
2000 	  9 	   0.4339
2000 	 10 	   0.3022
2000 	 11 	   0.2569
2000 	 12 	   0.3190
2001 	  1 	   0.4755
2001 	  2 	   0.3971
2001 	  3 	   0.6293
2001 	  4 	   0.5671
2001 	  5 	   0.6021
2001 	  6 	   0.5346
2001 	  7 	   0.5573
2001 	  8 	   0.6011
2001 	  9 	   0.5021
2001 	 10 	   0.4981
2001 	 11 	   0.6873
2001 	 12 	   0.5099
2002 	  1 	   0.7019
2002 	  2 	   0.7853
2002 	  3 	   0.7897
2002 	  4 	   0.5724
2002 	  5 	   0.5655
2002 	  6 	   0.5883
2002 	  7 	   0.6227
2002 	  8 	   0.5364
2002 	  9 	   0.5671
2002 	 10 	   0.4786
2002 	 11 	   0.5917
2002 	 12 	   0.4362
2003 	  1 	   0.6922
2003 	  2 	   0.5631
2003 	  3 	   0.5712
2003 	  4 	   0.5614
2003 	  5 	   0.5971
2003 	  6 	   0.5412
2003 	  7 	   0.5433
2003 	  8 	   0.6206
2003 	  9 	   0.6402
2003 	 10 	   0.7281
2003 	 11 	   0.5803
2003 	 12 	   0.7373
2004 	  1 	   0.5992
2004 	  2 	   0.7255
2004 	  3 	   0.7013
2004 	  4 	   0.5965
2004 	  5 	   0.4491
2004 	  6 	   0.4710
2004 	  7 	   0.4825
2004 	  8 	   0.5157
2004 	  9 	   0.5335
2004 	 10 	   0.6182
2004 	 11 	   0.7608
2004 	 12 	   0.5130
2005 	  1 	   0.6273
2005 	  2 	   0.5200
2005 	  3 	   0.6929
2005 	  4 	   0.7336
2005 	  5 	   0.6604
2005 	  6 	   0.6737
2005 	  7 	   0.6581
2005 	  8 	   0.6264
2005 	  9 	   0.6868
2005 	 10 	   0.6930
2005 	 11 	   0.7275
2005 	 12 	   0.6225
2006 	  1 	   0.4676
2006 	  2 	   0.6240
2006 	  3 	   0.5961
2006 	  4 	   0.5199
2006 	  5 	   0.5512
2006 	  6 	   0.6377
2006 	  7 	   0.6233
2006 	  8 	   0.6260
2006 	  9 	   0.6337
2006 	 10 	   0.6794
2006 	 11 	   0.6439
2006 	 12 	   0.7654
2007 	  1 	   0.8851
2007 	  2 	   0.6631
2007 	  3 	   0.6686
2007 	  4 	   0.7347
2007 	  5 	   0.6120
2007 	  6 	   0.5387
2007 	  7 	   0.5312
2007 	  8 	   0.5527
2007 	  9 	   0.5785
2007 	 10 	   0.5661
2007 	 11 	   0.5175
2007 	 12 	   0.4887
2008 	  1 	   0.2774
2008 	  2 	   0.3784
2008 	  3 	   0.7638
2008 	  4 	   0.4842
2008 	  5 	   0.5015
2008 	  6 	   0.5321
2008 	  7 	   0.5780
2008 	  8 	   0.5603
2008 	  9 	   0.5310
2008 	 10 	   0.6700
2008 	 11 	   0.6690
2008 	 12 	   0.5648
2009 	  1 	   0.5950
2009 	  2 	   0.5635
2009 	  3 	   0.5797
2009 	  4 	   0.6547
2009 	  5 	   0.5895
2009 	  6 	   0.6743
2009 	  7 	   0.6409
2009 	  8 	   0.7004
2009 	  9 	   0.7067
2009 	 10 	   0.6417
2009 	 11 	   0.6699
2009 	 12 	   0.6152
2010 	  1 	   0.6982
2010 	  2 	   0.7106
2010 	  3 	   0.8480
2010 	  4 	   0.8298
2010 	  5 	   0.7592
2010 	  6 	   0.7351
2010 	  7 	   0.7288
2010 	  8 	   0.6565
2010 	  9 	   0.5713
2010 	 10 	   0.6249
2010 	 11 	   0.7716
2010 	 12 	   0.4858
2011 	  1 	   0.4686
2011 	  2 	   0.4971
2011 	  3 	   0.5923
2011 	  4 	   0.6552
2011 	  5 	   0.5765
2011 	  6 	   0.6438
2011 	  7 	   0.6279
2011 	  8 	   0.6145
2011 	  9 	   0.5983
2011 	 10 	   0.6364
2011 	 11 	   0.4842
2011 	 12 	   0.5473
2012 	  1 	   0.4236
2012 	  2 	   0.4250
2012 	  3 	   0.5252
2012 	  4 	   0.7334
2012 	  5 	   0.7216
2012 	  6 	   0.7015
2012 	  7 	   0.6874
2012 	  8 	   0.6685
2012 	  9 	   0.7225
2012 	 10 	   0.6990
2012 	 11 	   0.7049
2012 	 12 	   0.4609
2013 	  1 	   0.5846
2013 	  2 	   0.6337
2013 	  3 	   0.6114
2013 	  4 	   0.5618
2013 	  5 	   0.7156
2013 	  6 	   0.6832
2013 	  7 	   0.6653
2013 	  8 	   0.6572
2013 	  9 	   0.6825
2013 	 10 	   0.6766
2013 	 11 	   0.8246
2013 	 12 	   0.6940
2014 	  1 	   0.6897
2014 	  2 	   0.4751
2014 	  3 	   0.7678
2014 	  4 	   0.7982
2014 	  5 	   0.7917
2014 	  6 	   0.7585
2014 	  7 	   0.6937
2014 	  8 	   0.7935
2014 	  9 	   0.7870
2014 	 10 	   0.7823
2014 	 11 	   0.6861
2014 	 12 	   0.8302
2015 	  1 	   0.8151
2015 	  2 	   0.8858
2015 	  3 	   0.8967
2015 	  4 	   0.7764
2015 	  5 	   0.8587
2015 	  6 	   0.8823
2015 	  7 	   0.8066
2015 	  8 	   0.8760
2015 	  9 	   0.9252
2015 	 10 	   0.9881
2015 	 11 	   0.9661
2015 	 12 	   1.1179
2016 	  1 	   1.0530
2016 	  2 	   1.1917
2016 	  3 	   1.2291
2016 	  4 	   1.0688
2016 	  5 	   0.8763
2016 	  6 	   0.8898
2016 	  7 	   0.8615
2016 	  8 	   0.8966
2016 	  9 	   0.8869
